{
 "cells": [
  {
   "cell_type": "code",
   "execution_count": 1,
   "metadata": {},
   "outputs": [],
   "source": [
    "import pandas as pd\n",
    "import numpy as np\n",
    "import matplotlib.pyplot as plt\n",
    "import seaborn as sns\n",
    "import vapeplot \n",
    "from scipy import interp\n",
    "import scipy.stats\n",
    "import warnings\n",
    "warnings.simplefilter(\"ignore\")\n",
    "%matplotlib inline"
   ]
  },
  {
   "cell_type": "markdown",
   "metadata": {},
   "source": [
    "#### Goal\n",
    "--------------------\n",
    "\n",
    "The goal of this project is to make a classifier that predicts the final rankings for bakers.\n",
    "The idea is to make a model for each episode and to use data from previous episodes in the model.\n",
    "Therefore, a classifier for episode 1 will likely be bad at predicting the final outcome, but a classifier for episode 5 might accurately predict who will be in the top 3 and who might be eliminated in the next episode\n",
    "\n"
   ]
  },
  {
   "cell_type": "code",
   "execution_count": 2,
   "metadata": {},
   "outputs": [],
   "source": [
    "from datetime import datetime\n",
    "def timestamp(): return datetime.today().strftime('%Y%m%d')\n",
    "\n",
    "from sklearn.preprocessing import QuantileTransformer\n",
    "def quantile_scale(df,feats):\n",
    "    qua = df\n",
    "    scaler = QuantileTransformer(\n",
    "        n_quantiles=10,\n",
    "        random_state=42,\n",
    "        ignore_implicit_zeros=True, #sparse matrix\n",
    "    )\n",
    "    # fit the scaler\n",
    "    scaler.fit(qua[feats])\n",
    "    # transform values\n",
    "    qua[feats] = scaler.transform(qua[feats])\n",
    "    return qua\n",
    "def tiered(classes):\n",
    "    trans = []\n",
    "    for x in classes:\n",
    "        if x==1: c=0\n",
    "        if x==2: c=1\n",
    "        if x>=3 and x<=4: c=2\n",
    "        if x>=5 and x<=7: c=3\n",
    "        if x>=8: c=4\n",
    "        trans.append(c)\n",
    "    return trans"
   ]
  },
  {
   "cell_type": "code",
   "execution_count": 3,
   "metadata": {},
   "outputs": [
    {
     "data": {
      "text/html": [
       "<div>\n",
       "<style scoped>\n",
       "    .dataframe tbody tr th:only-of-type {\n",
       "        vertical-align: middle;\n",
       "    }\n",
       "\n",
       "    .dataframe tbody tr th {\n",
       "        vertical-align: top;\n",
       "    }\n",
       "\n",
       "    .dataframe thead th {\n",
       "        text-align: right;\n",
       "    }\n",
       "</style>\n",
       "<table border=\"1\" class=\"dataframe\">\n",
       "  <thead>\n",
       "    <tr style=\"text-align: right;\">\n",
       "      <th></th>\n",
       "      <th>season</th>\n",
       "      <th>baker</th>\n",
       "      <th>episode</th>\n",
       "      <th>place</th>\n",
       "      <th>tech_mean</th>\n",
       "      <th>tech</th>\n",
       "      <th>mean_star</th>\n",
       "      <th>star</th>\n",
       "      <th>mean_good</th>\n",
       "      <th>good</th>\n",
       "      <th>mean_bad</th>\n",
       "      <th>bad</th>\n",
       "    </tr>\n",
       "  </thead>\n",
       "  <tbody>\n",
       "    <tr>\n",
       "      <th>0</th>\n",
       "      <td>10</td>\n",
       "      <td>Alice</td>\n",
       "      <td>1</td>\n",
       "      <td>0</td>\n",
       "      <td>5.00</td>\n",
       "      <td>5</td>\n",
       "      <td>0.00</td>\n",
       "      <td>0</td>\n",
       "      <td>0.00</td>\n",
       "      <td>0</td>\n",
       "      <td>0.00</td>\n",
       "      <td>0</td>\n",
       "    </tr>\n",
       "    <tr>\n",
       "      <th>1</th>\n",
       "      <td>10</td>\n",
       "      <td>Alice</td>\n",
       "      <td>2</td>\n",
       "      <td>0</td>\n",
       "      <td>3.00</td>\n",
       "      <td>1</td>\n",
       "      <td>0.50</td>\n",
       "      <td>1</td>\n",
       "      <td>0.50</td>\n",
       "      <td>1</td>\n",
       "      <td>0.00</td>\n",
       "      <td>0</td>\n",
       "    </tr>\n",
       "    <tr>\n",
       "      <th>2</th>\n",
       "      <td>10</td>\n",
       "      <td>Alice</td>\n",
       "      <td>3</td>\n",
       "      <td>0</td>\n",
       "      <td>4.33</td>\n",
       "      <td>7</td>\n",
       "      <td>0.33</td>\n",
       "      <td>0</td>\n",
       "      <td>0.33</td>\n",
       "      <td>0</td>\n",
       "      <td>0.33</td>\n",
       "      <td>1</td>\n",
       "    </tr>\n",
       "    <tr>\n",
       "      <th>3</th>\n",
       "      <td>10</td>\n",
       "      <td>Alice</td>\n",
       "      <td>4</td>\n",
       "      <td>0</td>\n",
       "      <td>5.25</td>\n",
       "      <td>8</td>\n",
       "      <td>0.25</td>\n",
       "      <td>0</td>\n",
       "      <td>0.25</td>\n",
       "      <td>0</td>\n",
       "      <td>0.25</td>\n",
       "      <td>0</td>\n",
       "    </tr>\n",
       "    <tr>\n",
       "      <th>4</th>\n",
       "      <td>10</td>\n",
       "      <td>Alice</td>\n",
       "      <td>5</td>\n",
       "      <td>0</td>\n",
       "      <td>5.40</td>\n",
       "      <td>6</td>\n",
       "      <td>0.20</td>\n",
       "      <td>0</td>\n",
       "      <td>0.20</td>\n",
       "      <td>0</td>\n",
       "      <td>0.20</td>\n",
       "      <td>0</td>\n",
       "    </tr>\n",
       "  </tbody>\n",
       "</table>\n",
       "</div>"
      ],
      "text/plain": [
       "   season  baker  episode  place  tech_mean  tech  mean_star  star  mean_good  \\\n",
       "0      10  Alice        1      0       5.00     5       0.00     0       0.00   \n",
       "1      10  Alice        2      0       3.00     1       0.50     1       0.50   \n",
       "2      10  Alice        3      0       4.33     7       0.33     0       0.33   \n",
       "3      10  Alice        4      0       5.25     8       0.25     0       0.25   \n",
       "4      10  Alice        5      0       5.40     6       0.20     0       0.20   \n",
       "\n",
       "   good  mean_bad  bad  \n",
       "0     0      0.00    0  \n",
       "1     1      0.00    0  \n",
       "2     0      0.33    1  \n",
       "3     0      0.25    0  \n",
       "4     0      0.20    0  "
      ]
     },
     "execution_count": 3,
     "metadata": {},
     "output_type": "execute_result"
    }
   ],
   "source": [
    "merge_col = ['season','baker','index','episode','place']\n",
    "tech = pd.read_csv(\"../RESULTS/gbbo.techinical.data.s10.20190927.tsv\",sep=\"\\t\")\n",
    "star = pd.read_csv(\"../RESULTS/gbbo.starbaker.data.s10.e5.20190927.tsv\",sep=\"\\t\")\n",
    "gbbo = pd.merge(tech, star,  how='left', left_on=merge_col, right_on =merge_col)\n",
    "gbbo = gbbo[['season','baker','episode','place','tech_mean','tech','mean_star','star','mean_good','good','mean_bad','bad']]\n",
    "gbbo.to_csv(\"../RESULTS/gbbo.features.s10.e5.{}.tsv\".format(timestamp()),sep=\"\\t\",index=False)\n",
    "gbbo.head()"
   ]
  },
  {
   "cell_type": "code",
   "execution_count": 4,
   "metadata": {},
   "outputs": [
    {
     "data": {
      "text/html": [
       "<div>\n",
       "<style scoped>\n",
       "    .dataframe tbody tr th:only-of-type {\n",
       "        vertical-align: middle;\n",
       "    }\n",
       "\n",
       "    .dataframe tbody tr th {\n",
       "        vertical-align: top;\n",
       "    }\n",
       "\n",
       "    .dataframe thead th {\n",
       "        text-align: right;\n",
       "    }\n",
       "</style>\n",
       "<table border=\"1\" class=\"dataframe\">\n",
       "  <thead>\n",
       "    <tr style=\"text-align: right;\">\n",
       "      <th></th>\n",
       "      <th>season</th>\n",
       "      <th>baker</th>\n",
       "      <th>episode</th>\n",
       "      <th>place</th>\n",
       "      <th>tech_mean</th>\n",
       "      <th>tech</th>\n",
       "      <th>mean_star</th>\n",
       "      <th>star</th>\n",
       "      <th>mean_good</th>\n",
       "      <th>good</th>\n",
       "      <th>mean_bad</th>\n",
       "      <th>bad</th>\n",
       "    </tr>\n",
       "  </thead>\n",
       "  <tbody>\n",
       "    <tr>\n",
       "      <th>4</th>\n",
       "      <td>10</td>\n",
       "      <td>Alice</td>\n",
       "      <td>5</td>\n",
       "      <td>0</td>\n",
       "      <td>6.666667e-01</td>\n",
       "      <td>7.500000e-01</td>\n",
       "      <td>7.777778e-01</td>\n",
       "      <td>1.000000e-07</td>\n",
       "      <td>6.111111e-01</td>\n",
       "      <td>1.000000e-07</td>\n",
       "      <td>5.000000e-01</td>\n",
       "      <td>1.000000e-07</td>\n",
       "    </tr>\n",
       "    <tr>\n",
       "      <th>9</th>\n",
       "      <td>10</td>\n",
       "      <td>Amelia</td>\n",
       "      <td>5</td>\n",
       "      <td>11</td>\n",
       "      <td>3.333333e-01</td>\n",
       "      <td>1.000000e-07</td>\n",
       "      <td>7.777778e-01</td>\n",
       "      <td>1.000000e-07</td>\n",
       "      <td>6.111111e-01</td>\n",
       "      <td>1.000000e-07</td>\n",
       "      <td>5.000000e-01</td>\n",
       "      <td>1.000000e-07</td>\n",
       "    </tr>\n",
       "    <tr>\n",
       "      <th>14</th>\n",
       "      <td>10</td>\n",
       "      <td>Dan</td>\n",
       "      <td>5</td>\n",
       "      <td>13</td>\n",
       "      <td>1.000000e-07</td>\n",
       "      <td>1.000000e-07</td>\n",
       "      <td>1.000000e-07</td>\n",
       "      <td>1.000000e-07</td>\n",
       "      <td>1.000000e-07</td>\n",
       "      <td>1.000000e-07</td>\n",
       "      <td>5.000000e-01</td>\n",
       "      <td>1.000000e-07</td>\n",
       "    </tr>\n",
       "    <tr>\n",
       "      <th>19</th>\n",
       "      <td>10</td>\n",
       "      <td>David</td>\n",
       "      <td>5</td>\n",
       "      <td>0</td>\n",
       "      <td>4.444444e-01</td>\n",
       "      <td>9.999999e-01</td>\n",
       "      <td>1.000000e-07</td>\n",
       "      <td>1.000000e-07</td>\n",
       "      <td>9.166667e-01</td>\n",
       "      <td>9.999999e-01</td>\n",
       "      <td>1.000000e-07</td>\n",
       "      <td>1.000000e-07</td>\n",
       "    </tr>\n",
       "    <tr>\n",
       "      <th>24</th>\n",
       "      <td>10</td>\n",
       "      <td>Helena</td>\n",
       "      <td>5</td>\n",
       "      <td>0</td>\n",
       "      <td>9.999999e-01</td>\n",
       "      <td>3.333333e-01</td>\n",
       "      <td>1.000000e-07</td>\n",
       "      <td>1.000000e-07</td>\n",
       "      <td>1.000000e-07</td>\n",
       "      <td>1.000000e-07</td>\n",
       "      <td>5.000000e-01</td>\n",
       "      <td>9.999999e-01</td>\n",
       "    </tr>\n",
       "  </tbody>\n",
       "</table>\n",
       "</div>"
      ],
      "text/plain": [
       "    season   baker  episode  place     tech_mean          tech     mean_star  \\\n",
       "4       10   Alice        5      0  6.666667e-01  7.500000e-01  7.777778e-01   \n",
       "9       10  Amelia        5     11  3.333333e-01  1.000000e-07  7.777778e-01   \n",
       "14      10     Dan        5     13  1.000000e-07  1.000000e-07  1.000000e-07   \n",
       "19      10   David        5      0  4.444444e-01  9.999999e-01  1.000000e-07   \n",
       "24      10  Helena        5      0  9.999999e-01  3.333333e-01  1.000000e-07   \n",
       "\n",
       "            star     mean_good          good      mean_bad           bad  \n",
       "4   1.000000e-07  6.111111e-01  1.000000e-07  5.000000e-01  1.000000e-07  \n",
       "9   1.000000e-07  6.111111e-01  1.000000e-07  5.000000e-01  1.000000e-07  \n",
       "14  1.000000e-07  1.000000e-07  1.000000e-07  5.000000e-01  1.000000e-07  \n",
       "19  1.000000e-07  9.166667e-01  9.999999e-01  1.000000e-07  1.000000e-07  \n",
       "24  1.000000e-07  1.000000e-07  1.000000e-07  5.000000e-01  9.999999e-01  "
      ]
     },
     "execution_count": 4,
     "metadata": {},
     "output_type": "execute_result"
    }
   ],
   "source": [
    "gbbo = pd.read_csv(\"../RESULTS/gbbo.features.s10.e5.20190927.tsv\",sep=\"\\t\")\n",
    "feats = ['tech_mean','tech','mean_star','star','mean_good','good','mean_bad','bad']\n",
    "max_epi = max(gbbo['episode'])\n",
    "gbbo = gbbo.loc[gbbo['episode']==max_epi]\n",
    "gbbo = quantile_scale(gbbo,feats)\n",
    "gbbo.head()"
   ]
  },
  {
   "cell_type": "code",
   "execution_count": 5,
   "metadata": {},
   "outputs": [],
   "source": [
    "tech = pd.read_csv(\"../RESULTS/gbbo.features.20190909.tsv\",sep='\\t')\n",
    "tech = tech.loc[tech['episode']==max_epi]\n",
    "qua = quantile_scale(tech,feats)\n",
    "qua['place']=tiered(qua['place'])\n",
    "X, y = np.matrix(qua[feats]), np.array(qua['place'])"
   ]
  },
  {
   "cell_type": "code",
   "execution_count": 6,
   "metadata": {},
   "outputs": [
    {
     "name": "stderr",
     "output_type": "stream",
     "text": [
      "Using TensorFlow backend.\n"
     ]
    },
    {
     "name": "stdout",
     "output_type": "stream",
     "text": [
      "WARNING:tensorflow:From /Users/tacitus/anaconda3/lib/python3.7/site-packages/tensorflow/python/framework/op_def_library.py:263: colocate_with (from tensorflow.python.framework.ops) is deprecated and will be removed in a future version.\n",
      "Instructions for updating:\n",
      "Colocations handled automatically by placer.\n",
      "WARNING:tensorflow:From /Users/tacitus/anaconda3/lib/python3.7/site-packages/keras/backend/tensorflow_backend.py:3733: calling dropout (from tensorflow.python.ops.nn_ops) with keep_prob is deprecated and will be removed in a future version.\n",
      "Instructions for updating:\n",
      "Please use `rate` instead of `keep_prob`. Rate should be set to `rate = 1 - keep_prob`.\n",
      "WARNING:tensorflow:From /Users/tacitus/anaconda3/lib/python3.7/site-packages/tensorflow/python/ops/math_ops.py:3066: to_int32 (from tensorflow.python.ops.math_ops) is deprecated and will be removed in a future version.\n",
      "Instructions for updating:\n",
      "Use tf.cast instead.\n",
      "       baker  preds   finalist       top3     bottom  fifthseventh  thirdforth\n",
      "64     Steph      0  44.400002  75.889999   0.600000     10.750000   12.760000\n",
      "29     Henry      0  28.129999  52.230000   3.020000     17.730000   27.020000\n",
      "19     David      1  21.920000  70.940002   0.450000     12.200000   16.410000\n",
      "9     Amelia      4   8.600000  15.790000  61.480000     13.770000    8.960000\n",
      "4      Alice      1   8.210000  44.439999   2.960000     31.430000   21.170000\n",
      "39   Michael      1   6.930000  56.430000   1.000000     24.799999   17.770000\n",
      "14       Dan      4   2.800000   4.890000  75.430000     12.540000    7.130000\n",
      "59     Rosie      2   2.710000  19.389999   1.660000     32.599998   46.340000\n",
      "44  Michelle      3   0.690000   4.730000   2.970000     65.169998   27.129999\n",
      "24    Helena      3   0.570000   2.390000  19.430000     59.259998   18.920000\n",
      "49      Phil      4   0.560000   1.020000  89.040001      7.060000    2.880000\n",
      "54     Priya      3   0.290000   1.060000  29.969999     53.340000   15.630000\n",
      "34     Jamie      4   0.200000   0.330000  94.720001      3.630000    1.310000\n"
     ]
    }
   ],
   "source": [
    "import keras\n",
    "from keras.models import Sequential\n",
    "from keras.layers import Dense, Activation, Dropout\n",
    "from keras.activations import relu\n",
    "input_shape = len(feats)\n",
    "output_shape = len(set(tech['place']))\n",
    "def create_model( nl1=1, nl2=1,  nl3=1, \n",
    "                 nn1=1000, nn2=500, nn3 = 200, lr=0.01, decay=0., l1=0.01, l2=0.01,\n",
    "                act = 'relu', dropout=0,input_shape=input_shape,output_shape=output_shape):    \n",
    "    '''This is a model generating function so that we can search over neural net \n",
    "    parameters and architecture\n",
    "    https://www.kaggle.com/arrogantlymodest/randomised-cv-search-over-keras-neural-network\n",
    "    '''\n",
    "    opt = keras.optimizers.Adam(lr=lr, beta_1=0.9, beta_2=0.999,  decay=decay)\n",
    "    reg = keras.regularizers.l1_l2(l1=l1, l2=l2)\n",
    "    model = Sequential()\n",
    "    first=True  \n",
    "    for i in range(nl1):\n",
    "        if first:\n",
    "            model.add(Dense(nn1, input_dim=input_shape, activation=act, kernel_regularizer=reg))\n",
    "            first=False\n",
    "        else: \n",
    "            model.add(Dense(nn1, activation=act, kernel_regularizer=reg))\n",
    "        if dropout!=0:\n",
    "            model.add(Dropout(dropout))    \n",
    "    for i in range(nl2):\n",
    "        if first:\n",
    "            model.add(Dense(nn2, input_dim=input_shape, activation=act, kernel_regularizer=reg))\n",
    "            first=False\n",
    "        else: \n",
    "            model.add(Dense(nn2, activation=act, kernel_regularizer=reg))\n",
    "        if dropout!=0:\n",
    "            model.add(Dropout(dropout))    \n",
    "    for i in range(nl3):\n",
    "        if first:\n",
    "            model.add(Dense(nn3, input_dim=input_shape, activation=act, kernel_regularizer=reg))\n",
    "            first=False\n",
    "        else: \n",
    "            model.add(Dense(nn3, activation=act, kernel_regularizer=reg))\n",
    "        if dropout!=0:\n",
    "            model.add(Dropout(dropout))       \n",
    "    model.add(Dense(output_shape, activation='softmax'))\n",
    "    model.compile(loss='sparse_categorical_crossentropy', optimizer=opt, metrics=['accuracy'],)\n",
    "    return model\n",
    "##################################\n",
    "l1 = 0.0001\n",
    "l2 = 0.0001\n",
    "lr = 0.0001\n",
    "nl1 = 1\n",
    "nl2 = 1\n",
    "nl3 = 1\n",
    "nn1 = 800\n",
    "nn2 = 800\n",
    "nn3 = 300\n",
    "\n",
    "dropout = 0.1\n",
    "decay = 1e-09\n",
    "act='relu'\n",
    "n_dims = len(feats)\n",
    "n_classes = len(set(tech['place']))\n",
    "\n",
    "nn = create_model( nl1=nl1, nl2=nl2,  nl3=nl3, \n",
    "                     nn1=nn1, nn2=nn2, nn3 = nn3, \n",
    "                     lr=lr, decay=decay, l1=l1, l2=l2,\n",
    "                     act = act, dropout=dropout,\n",
    "                     input_shape=n_dims,\n",
    "                     output_shape=n_classes)\n",
    "\n",
    "BATCH,EPOCHS = 12, 25\n",
    "####\n",
    "X, y = np.matrix(qua[feats]), np.array(qua['place'])\n",
    "gbbo = pd.read_csv(\"../RESULTS/gbbo.features.s10.e5.20190927.tsv\",sep=\"\\t\")\n",
    "feats = ['tech_mean','tech','mean_star','star','mean_good','good','mean_bad','bad']\n",
    "max_epi = max(gbbo['episode'])\n",
    "gbbo = gbbo.loc[gbbo['episode']==max_epi]\n",
    "gbbo = quantile_scale(gbbo,feats)\n",
    "test = np.matrix(gbbo[feats])\n",
    "\n",
    "tech = pd.read_csv(\"../RESULTS/gbbo.features.20190909.tsv\",sep='\\t')\n",
    "tech = tech.loc[tech['episode']==max_epi]\n",
    "qua = quantile_scale(tech,feats)\n",
    "qua['place']=tiered(qua['place'])\n",
    "nn.fit(X,y,validation_split=0., batch_size=BATCH, epochs=EPOCHS,verbose=0)\n",
    "\n",
    "preds = nn.predict_classes(test)\n",
    "probs = nn.predict_proba(test)\n",
    "gbbo['preds']=preds\n",
    "# probability baker is a finalist\n",
    "top = probs[:,0]\n",
    "# probability baker is a finalist or a runner-up\n",
    "top3 = probs[:,0]+probs[:,1]\n",
    "# bottom tier (8th and below)\n",
    "bot = probs[:,-1]\n",
    "# 5th - 7th\n",
    "nextbot = probs[:,-2]\n",
    "third = probs[:,-3]\n",
    "gbbo['bottom']=np.round(bot*100,decimals=2)\n",
    "gbbo['finalist']=np.round(top*100,decimals=2) \n",
    "gbbo['top3'] = np.round(top3*100,decimals=2)\n",
    "gbbo['fifthseventh'] = np.round(nextbot*100,decimals=2)\n",
    "gbbo['thirdforth'] = np.round(third*100,decimals=2)\n",
    "gbbo.to_csv(\"../RESULTS/gbbo.techinical.s10.e5.keras.preditions.txt\",sep=\"\\t\",index=False)\n",
    "sub = ['baker','preds','finalist','top3','bottom','fifthseventh','thirdforth']\n",
    "gbbo = gbbo[sub].sort_values(by=['finalist'],ascending=False)\n",
    "print(gbbo)"
   ]
  },
  {
   "cell_type": "code",
   "execution_count": 7,
   "metadata": {},
   "outputs": [
    {
     "name": "stdout",
     "output_type": "stream",
     "text": [
      "       baker  preds   finalist       top3     bottom  fifthseventh  thirdforth\n",
      "34     Jamie      4   0.200000   0.330000  94.720001      3.630000    1.310000\n",
      "49      Phil      4   0.560000   1.020000  89.040001      7.060000    2.880000\n",
      "14       Dan      4   2.800000   4.890000  75.430000     12.540000    7.130000\n",
      "9     Amelia      4   8.600000  15.790000  61.480000     13.770000    8.960000\n",
      "54     Priya      3   0.290000   1.060000  29.969999     53.340000   15.630000\n",
      "24    Helena      3   0.570000   2.390000  19.430000     59.259998   18.920000\n",
      "29     Henry      0  28.129999  52.230000   3.020000     17.730000   27.020000\n",
      "44  Michelle      3   0.690000   4.730000   2.970000     65.169998   27.129999\n",
      "4      Alice      1   8.210000  44.439999   2.960000     31.430000   21.170000\n",
      "59     Rosie      2   2.710000  19.389999   1.660000     32.599998   46.340000\n",
      "39   Michael      1   6.930000  56.430000   1.000000     24.799999   17.770000\n",
      "64     Steph      0  44.400002  75.889999   0.600000     10.750000   12.760000\n",
      "19     David      1  21.920000  70.940002   0.450000     12.200000   16.410000\n"
     ]
    }
   ],
   "source": [
    "gbbo = gbbo[sub].sort_values(by=['bottom'],ascending=False)\n",
    "print(gbbo)"
   ]
  },
  {
   "cell_type": "code",
   "execution_count": 8,
   "metadata": {},
   "outputs": [
    {
     "name": "stdout",
     "output_type": "stream",
     "text": [
      "       baker  preds   finalist       top3     bottom  fifthseventh  thirdforth\n",
      "44  Michelle      3   0.690000   4.730000   2.970000     65.169998   27.129999\n",
      "24    Helena      3   0.570000   2.390000  19.430000     59.259998   18.920000\n",
      "54     Priya      3   0.290000   1.060000  29.969999     53.340000   15.630000\n",
      "59     Rosie      2   2.710000  19.389999   1.660000     32.599998   46.340000\n",
      "4      Alice      1   8.210000  44.439999   2.960000     31.430000   21.170000\n",
      "39   Michael      1   6.930000  56.430000   1.000000     24.799999   17.770000\n",
      "29     Henry      0  28.129999  52.230000   3.020000     17.730000   27.020000\n",
      "9     Amelia      4   8.600000  15.790000  61.480000     13.770000    8.960000\n",
      "14       Dan      4   2.800000   4.890000  75.430000     12.540000    7.130000\n",
      "19     David      1  21.920000  70.940002   0.450000     12.200000   16.410000\n",
      "64     Steph      0  44.400002  75.889999   0.600000     10.750000   12.760000\n",
      "49      Phil      4   0.560000   1.020000  89.040001      7.060000    2.880000\n",
      "34     Jamie      4   0.200000   0.330000  94.720001      3.630000    1.310000\n"
     ]
    }
   ],
   "source": [
    "gbbo = gbbo[sub].sort_values(by=['fifthseventh'],ascending=False)\n",
    "print(gbbo)"
   ]
  },
  {
   "cell_type": "code",
   "execution_count": 9,
   "metadata": {},
   "outputs": [
    {
     "name": "stdout",
     "output_type": "stream",
     "text": [
      "       baker  preds   finalist       top3     bottom  fifthseventh  thirdforth\n",
      "64     Steph      0  44.400002  75.889999   0.600000     10.750000   12.760000\n",
      "29     Henry      0  28.129999  52.230000   3.020000     17.730000   27.020000\n",
      "19     David      1  21.920000  70.940002   0.450000     12.200000   16.410000\n",
      "9     Amelia      4   8.600000  15.790000  61.480000     13.770000    8.960000\n",
      "4      Alice      1   8.210000  44.439999   2.960000     31.430000   21.170000\n",
      "39   Michael      1   6.930000  56.430000   1.000000     24.799999   17.770000\n",
      "14       Dan      4   2.800000   4.890000  75.430000     12.540000    7.130000\n",
      "59     Rosie      2   2.710000  19.389999   1.660000     32.599998   46.340000\n",
      "44  Michelle      3   0.690000   4.730000   2.970000     65.169998   27.129999\n",
      "24    Helena      3   0.570000   2.390000  19.430000     59.259998   18.920000\n",
      "49      Phil      4   0.560000   1.020000  89.040001      7.060000    2.880000\n",
      "54     Priya      3   0.290000   1.060000  29.969999     53.340000   15.630000\n",
      "34     Jamie      4   0.200000   0.330000  94.720001      3.630000    1.310000\n"
     ]
    }
   ],
   "source": [
    "gbbo = gbbo[sub].sort_values(by=['finalist'],ascending=False)\n",
    "print(gbbo)"
   ]
  },
  {
   "cell_type": "code",
   "execution_count": 10,
   "metadata": {
    "scrolled": false
   },
   "outputs": [
    {
     "name": "stdout",
     "output_type": "stream",
     "text": [
      "9\n"
     ]
    },
    {
     "data": {
