{
 "cells": [
  {
   "cell_type": "code",
   "execution_count": 1,
   "metadata": {},
   "outputs": [],
   "source": [
    "import pandas as pd\n",
    "import numpy as np\n",
    "import matplotlib.pyplot as plt\n",
    "import seaborn as sns\n",
    "import vapeplot \n",
    "from scipy import interp\n",
    "import scipy.stats\n",
    "import warnings\n",
    "warnings.simplefilter(\"ignore\")\n",
    "%matplotlib inline"
   ]
  },
  {
   "cell_type": "markdown",
   "metadata": {},
   "source": [
    "#### Goal\n",
    "--------------------\n",
    "\n",
    "The goal of this project is to make a classifier that predicts the final rankings for bakers.\n",
    "The idea is to make a model for each episode and to use data from previous episodes in the model.\n",
    "Therefore, a classifier for episode 1 will likely be bad at predicting the final outcome, but a classifier for episode 5 might accurately predict who will be in the top 3 and who might be eliminated in the next episode\n",
    "\n"
   ]
  },
  {
   "cell_type": "code",
   "execution_count": 2,
   "metadata": {},
   "outputs": [],
   "source": [
    "from datetime import datetime\n",
    "def timestamp(): return datetime.today().strftime('%Y%m%d')\n",
    "\n",
    "from sklearn.preprocessing import QuantileTransformer\n",
    "def quantile_scale(df,feats):\n",
    "    qua = df\n",
    "    scaler = QuantileTransformer(\n",
    "        n_quantiles=10,\n",
    "        random_state=42,\n",
    "        ignore_implicit_zeros=True, #sparse matrix\n",
    "    )\n",
    "    # fit the scaler\n",
    "    scaler.fit(qua[feats])\n",
    "    # transform values\n",
    "    qua[feats] = scaler.transform(qua[feats])\n",
    "    return qua\n",
    "def tiered(classes):\n",
    "    trans = []\n",
    "    for x in classes:\n",
    "        if x==1: c=0\n",
    "        if x==2: c=1\n",
    "        if x>=3 and x<=4: c=2\n",
    "        if x>=5 and x<=7: c=3\n",
    "        if x>=8: c=4\n",
    "        trans.append(c)\n",
    "    return trans"
   ]
  },
  {
   "cell_type": "code",
   "execution_count": 3,
   "metadata": {},
   "outputs": [
    {
     "data": {
      "text/html": [
       "<div>\n",
       "<style scoped>\n",
       "    .dataframe tbody tr th:only-of-type {\n",
       "        vertical-align: middle;\n",
       "    }\n",
       "\n",
       "    .dataframe tbody tr th {\n",
       "        vertical-align: top;\n",
       "    }\n",
       "\n",
       "    .dataframe thead th {\n",
       "        text-align: right;\n",
       "    }\n",
       "</style>\n",
       "<table border=\"1\" class=\"dataframe\">\n",
       "  <thead>\n",
       "    <tr style=\"text-align: right;\">\n",
       "      <th></th>\n",
       "      <th>season</th>\n",
       "      <th>baker</th>\n",
       "      <th>episode</th>\n",
       "      <th>place</th>\n",
       "      <th>tech_mean</th>\n",
       "      <th>tech</th>\n",
       "      <th>mean_star</th>\n",
       "      <th>star</th>\n",
       "      <th>mean_good</th>\n",
       "      <th>good</th>\n",
       "      <th>mean_bad</th>\n",
       "      <th>bad</th>\n",
       "    </tr>\n",
       "  </thead>\n",
       "  <tbody>\n",
       "    <tr>\n",
       "      <th>0</th>\n",
       "      <td>10</td>\n",
       "      <td>Alice</td>\n",
       "      <td>1</td>\n",
       "      <td>0</td>\n",
       "      <td>0.333333</td>\n",
       "      <td>0.333333</td>\n",
       "      <td>1.000000e-07</td>\n",
       "      <td>1.000000e-07</td>\n",
       "      <td>1.000000e-07</td>\n",
       "      <td>1.000000e-07</td>\n",
       "      <td>1.000000e-07</td>\n",
       "      <td>1.000000e-07</td>\n",
       "    </tr>\n",
       "    <tr>\n",
       "      <th>5</th>\n",
       "      <td>10</td>\n",
       "      <td>Amelia</td>\n",
       "      <td>1</td>\n",
       "      <td>11</td>\n",
       "      <td>0.250000</td>\n",
       "      <td>0.250000</td>\n",
       "      <td>1.000000e-07</td>\n",
       "      <td>1.000000e-07</td>\n",
       "      <td>1.000000e-07</td>\n",
       "      <td>1.000000e-07</td>\n",
       "      <td>1.000000e-07</td>\n",
       "      <td>1.000000e-07</td>\n",
       "    </tr>\n",
       "    <tr>\n",
       "      <th>10</th>\n",
       "      <td>10</td>\n",
       "      <td>Dan</td>\n",
       "      <td>1</td>\n",
       "      <td>13</td>\n",
       "      <td>0.666667</td>\n",
       "      <td>0.666667</td>\n",
       "      <td>1.000000e-07</td>\n",
       "      <td>1.000000e-07</td>\n",
       "      <td>1.000000e-07</td>\n",
       "      <td>1.000000e-07</td>\n",
       "      <td>9.999999e-01</td>\n",
       "      <td>9.999999e-01</td>\n",
       "    </tr>\n",
       "    <tr>\n",
       "      <th>15</th>\n",
       "      <td>10</td>\n",
       "      <td>David</td>\n",
       "      <td>1</td>\n",
       "      <td>0</td>\n",
       "      <td>0.750000</td>\n",
       "      <td>0.750000</td>\n",
       "      <td>1.000000e-07</td>\n",
       "      <td>1.000000e-07</td>\n",
       "      <td>1.000000e-07</td>\n",
       "      <td>1.000000e-07</td>\n",
       "      <td>1.000000e-07</td>\n",
       "      <td>1.000000e-07</td>\n",
       "    </tr>\n",
       "    <tr>\n",
       "      <th>20</th>\n",
       "      <td>10</td>\n",
       "      <td>Helena</td>\n",
       "      <td>1</td>\n",
       "      <td>0</td>\n",
       "      <td>0.916667</td>\n",
       "      <td>0.916667</td>\n",
       "      <td>1.000000e-07</td>\n",
       "      <td>1.000000e-07</td>\n",
       "      <td>1.000000e-07</td>\n",
       "      <td>1.000000e-07</td>\n",
       "      <td>1.000000e-07</td>\n",
       "      <td>1.000000e-07</td>\n",
       "    </tr>\n",
       "  </tbody>\n",
       "</table>\n",
       "</div>"
      ],
      "text/plain": [
       "    season   baker  episode  place  tech_mean      tech     mean_star  \\\n",
       "0       10   Alice        1      0   0.333333  0.333333  1.000000e-07   \n",
       "5       10  Amelia        1     11   0.250000  0.250000  1.000000e-07   \n",
       "10      10     Dan        1     13   0.666667  0.666667  1.000000e-07   \n",
       "15      10   David        1      0   0.750000  0.750000  1.000000e-07   \n",
       "20      10  Helena        1      0   0.916667  0.916667  1.000000e-07   \n",
       "\n",
       "            star     mean_good          good      mean_bad           bad  \n",
       "0   1.000000e-07  1.000000e-07  1.000000e-07  1.000000e-07  1.000000e-07  \n",
       "5   1.000000e-07  1.000000e-07  1.000000e-07  1.000000e-07  1.000000e-07  \n",
       "10  1.000000e-07  1.000000e-07  1.000000e-07  9.999999e-01  9.999999e-01  \n",
       "15  1.000000e-07  1.000000e-07  1.000000e-07  1.000000e-07  1.000000e-07  \n",
       "20  1.000000e-07  1.000000e-07  1.000000e-07  1.000000e-07  1.000000e-07  "
      ]
     },
     "execution_count": 3,
     "metadata": {},
     "output_type": "execute_result"
    }
   ],
   "source": [
    "gbbo = pd.read_csv(\"../RESULTS/gbbo.features.s10.e5.20190927.tsv\",sep=\"\\t\")\n",
    "feats = ['tech_mean','tech','mean_star','star','mean_good','good','mean_bad','bad']\n",
    "max_epi = min(gbbo['episode'])\n",
    "gbbo = gbbo.loc[gbbo['episode']==max_epi]\n",
    "gbbo = quantile_scale(gbbo,feats)\n",
    "gbbo.head()"
   ]
  },
  {
   "cell_type": "code",
   "execution_count": 4,
   "metadata": {},
   "outputs": [],
   "source": [
    "tech = pd.read_csv(\"../RESULTS/gbbo.features.20190909.tsv\",sep='\\t')\n",
    "tech = tech.loc[tech['episode']==max_epi]\n",
    "qua = quantile_scale(tech,feats)\n",
    "qua['place']=tiered(qua['place'])\n",
    "X, y = np.matrix(qua[feats]), np.array(qua['place'])"
   ]
  },
  {
   "cell_type": "code",
   "execution_count": 5,
   "metadata": {},
   "outputs": [
    {
     "name": "stderr",
     "output_type": "stream",
     "text": [
      "Using TensorFlow backend.\n"
     ]
    },
    {
     "name": "stdout",
     "output_type": "stream",
     "text": [
      "WARNING:tensorflow:From /Users/tacitus/anaconda3/lib/python3.7/site-packages/tensorflow/python/framework/op_def_library.py:263: colocate_with (from tensorflow.python.framework.ops) is deprecated and will be removed in a future version.\n",
      "Instructions for updating:\n",
      "Colocations handled automatically by placer.\n",
      "WARNING:tensorflow:From /Users/tacitus/anaconda3/lib/python3.7/site-packages/keras/backend/tensorflow_backend.py:3733: calling dropout (from tensorflow.python.ops.nn_ops) with keep_prob is deprecated and will be removed in a future version.\n",
      "Instructions for updating:\n",
      "Please use `rate` instead of `keep_prob`. Rate should be set to `rate = 1 - keep_prob`.\n",
      "WARNING:tensorflow:From /Users/tacitus/anaconda3/lib/python3.7/site-packages/tensorflow/python/ops/math_ops.py:3066: to_int32 (from tensorflow.python.ops.math_ops) is deprecated and will be removed in a future version.\n",
      "Instructions for updating:\n",
      "Use tf.cast instead.\n",
      "       baker  preds   finalist       top3     bottom  fifthseventh  thirdforth\n",
      "60     Steph      2  18.760000  42.610001  10.280000     14.360000   32.750000\n",
      "55     Rosie      2  18.139999  42.240002  10.340000     14.660000   32.759998\n",
      "25     Henry      3  16.459999  35.959999  20.580000     23.570000   19.900000\n",
      "5     Amelia      3  12.170000  30.850000  25.090000     26.799999   17.250000\n",
      "35   Michael      1  11.860000  51.689999  23.309999     10.400000   14.590000\n",
      "0      Alice      3  11.040000  29.530001  26.830000     27.160000   16.490000\n",
      "40  Michelle      4  10.020000  28.270000  28.620001     27.379999   15.730000\n",
      "50     Priya      4   9.080000  27.049999  30.450001     27.520000   14.980000\n",
      "45      Phil      4   8.210000  25.870001  32.320000     27.590000   14.220000\n",
      "15     David      4   6.660000  23.590000  36.150002     27.530001   12.730000\n",
      "20    Helena      4   5.360000  21.440001  40.060001     27.200001   11.290000\n",
      "10       Dan      4   3.080000  11.180000  69.330002      9.460000   10.030000\n",
      "30     Jamie      4   1.720000   7.650000  78.500000      6.980000    6.880000\n"
     ]
    }
   ],
   "source": [
    "import keras\n",
    "from keras.models import Sequential\n",
    "from keras.layers import Dense, Activation, Dropout\n",
    "from keras.activations import relu\n",
    "input_shape = len(feats)\n",
    "output_shape = len(set(tech['place']))\n",
    "def create_model( nl1=1, nl2=1,  nl3=1, \n",
    "                 nn1=1000, nn2=500, nn3 = 200, lr=0.01, decay=0., l1=0.01, l2=0.01,\n",
    "                act = 'relu', dropout=0,input_shape=input_shape,output_shape=output_shape):    \n",
    "    '''This is a model generating function so that we can search over neural net \n",
    "    parameters and architecture\n",
    "    https://www.kaggle.com/arrogantlymodest/randomised-cv-search-over-keras-neural-network\n",
    "    '''\n",
    "    opt = keras.optimizers.Adam(lr=lr, beta_1=0.9, beta_2=0.999,  decay=decay)\n",
    "    reg = keras.regularizers.l1_l2(l1=l1, l2=l2)\n",
    "    model = Sequential()\n",
    "    first=True  \n",
    "    for i in range(nl1):\n",
    "        if first:\n",
    "            model.add(Dense(nn1, input_dim=input_shape, activation=act, kernel_regularizer=reg))\n",
    "            first=False\n",
    "        else: \n",
    "            model.add(Dense(nn1, activation=act, kernel_regularizer=reg))\n",
    "        if dropout!=0:\n",
    "            model.add(Dropout(dropout))    \n",
    "    for i in range(nl2):\n",
    "        if first:\n",
    "            model.add(Dense(nn2, input_dim=input_shape, activation=act, kernel_regularizer=reg))\n",
    "            first=False\n",
    "        else: \n",
    "            model.add(Dense(nn2, activation=act, kernel_regularizer=reg))\n",
    "        if dropout!=0:\n",
    "            model.add(Dropout(dropout))    \n",
    "    for i in range(nl3):\n",
    "        if first:\n",
    "            model.add(Dense(nn3, input_dim=input_shape, activation=act, kernel_regularizer=reg))\n",
    "            first=False\n",
    "        else: \n",
    "            model.add(Dense(nn3, activation=act, kernel_regularizer=reg))\n",
    "        if dropout!=0:\n",
    "            model.add(Dropout(dropout))       \n",
    "    model.add(Dense(output_shape, activation='softmax'))\n",
    "    model.compile(loss='sparse_categorical_crossentropy', optimizer=opt, metrics=['accuracy'],)\n",
    "    return model\n",
    "##################################\n",
    "l1 = 0.0001\n",
    "l2 = 0.0001\n",
    "lr = 0.0001\n",
    "nl1 = 1\n",
    "nl2 = 1\n",
    "nl3 = 1\n",
    "nn1 = 800\n",
    "nn2 = 800\n",
    "nn3 = 300\n",
    "\n",
    "dropout = 0.1\n",
    "decay = 1e-09\n",
    "act='relu'\n",
    "n_dims = len(feats)\n",
    "n_classes = len(set(tech['place']))\n",
    "\n",
    "nn = create_model( nl1=nl1, nl2=nl2,  nl3=nl3, \n",
    "                     nn1=nn1, nn2=nn2, nn3 = nn3, \n",
    "                     lr=lr, decay=decay, l1=l1, l2=l2,\n",
    "                     act = act, dropout=dropout,\n",
    "                     input_shape=n_dims,\n",
    "                     output_shape=n_classes)\n",
    "\n",
    "BATCH,EPOCHS = 12, 25\n",
    "####\n",
    "X, y = np.matrix(qua[feats]), np.array(qua['place'])\n",
    "gbbo = pd.read_csv(\"../RESULTS/gbbo.features.s10.e5.20190927.tsv\",sep=\"\\t\")\n",
    "feats = ['tech_mean','tech','mean_star','star','mean_good','good','mean_bad','bad']\n",
    "max_epi = min(gbbo['episode'])\n",
    "gbbo = gbbo.loc[gbbo['episode']==max_epi]\n",
    "gbbo = quantile_scale(gbbo,feats)\n",
    "test = np.matrix(gbbo[feats])\n",
    "\n",
    "tech = pd.read_csv(\"../RESULTS/gbbo.features.20190909.tsv\",sep='\\t')\n",
    "tech = tech.loc[tech['episode']==max_epi]\n",
    "qua = quantile_scale(tech,feats)\n",
    "qua['place']=tiered(qua['place'])\n",
    "nn.fit(X,y,validation_split=0., batch_size=BATCH, epochs=EPOCHS,verbose=0)\n",
    "\n",
    "preds = nn.predict_classes(test)\n",
    "probs = nn.predict_proba(test)\n",
    "gbbo['preds']=preds\n",
    "# probability baker is a finalist\n",
    "top = probs[:,0]\n",
    "# probability baker is a finalist or a runner-up\n",
    "top3 = probs[:,0]+probs[:,1]\n",
    "# bottom tier (8th and below)\n",
    "bot = probs[:,-1]\n",
    "# 5th - 7th\n",
    "nextbot = probs[:,-2]\n",
    "third = probs[:,-3]\n",
    "gbbo['bottom']=np.round(bot*100,decimals=2)\n",
    "gbbo['finalist']=np.round(top*100,decimals=2) \n",
    "gbbo['top3'] = np.round(top3*100,decimals=2)\n",
    "gbbo['fifthseventh'] = np.round(nextbot*100,decimals=2)\n",
    "gbbo['thirdforth'] = np.round(third*100,decimals=2)\n",
    "\n",
    "gbbo.to_csv(\"../RESULTS/gbbo.techinical.s10.e1.keras.preditions.txt\",sep=\"\\t\",index=False)\n",
    "sub = ['baker','preds','finalist','top3','bottom','fifthseventh','thirdforth']\n",
    "gbbo = gbbo[sub].sort_values(by=['finalist'],ascending=False)\n",
    "print(gbbo)"
   ]
  },
  {
   "cell_type": "code",
   "execution_count": 6,
   "metadata": {},
   "outputs": [
    {
     "name": "stdout",
     "output_type": "stream",
     "text": [
      "       baker  preds   finalist       top3     bottom  fifthseventh  thirdforth\n",
      "30     Jamie      4   1.720000   7.650000  78.500000      6.980000    6.880000\n",
      "10       Dan      4   3.080000  11.180000  69.330002      9.460000   10.030000\n",
      "20    Helena      4   5.360000  21.440001  40.060001     27.200001   11.290000\n",
      "15     David      4   6.660000  23.590000  36.150002     27.530001   12.730000\n",
      "45      Phil      4   8.210000  25.870001  32.320000     27.590000   14.220000\n",
      "50     Priya      4   9.080000  27.049999  30.450001     27.520000   14.980000\n",
      "40  Michelle      4  10.020000  28.270000  28.620001     27.379999   15.730000\n",
      "0      Alice      3  11.040000  29.530001  26.830000     27.160000   16.490000\n",
      "5     Amelia      3  12.170000  30.850000  25.090000     26.799999   17.250000\n",
      "35   Michael      1  11.860000  51.689999  23.309999     10.400000   14.590000\n",
      "25     Henry      3  16.459999  35.959999  20.580000     23.570000   19.900000\n",
      "55     Rosie      2  18.139999  42.240002  10.340000     14.660000   32.759998\n",
      "60     Steph      2  18.760000  42.610001  10.280000     14.360000   32.750000\n"
     ]
    }
   ],
   "source": [
    "gbbo = gbbo[sub].sort_values(by=['bottom'],ascending=False)\n",
    "print(gbbo)"
   ]
  },
  {
   "cell_type": "code",
   "execution_count": 7,
   "metadata": {},
   "outputs": [
    {
     "name": "stdout",
     "output_type": "stream",
     "text": [
      "       baker  preds   finalist       top3     bottom  fifthseventh  thirdforth\n",
      "45      Phil      4   8.210000  25.870001  32.320000     27.590000   14.220000\n",
      "15     David      4   6.660000  23.590000  36.150002     27.530001   12.730000\n",
      "50     Priya      4   9.080000  27.049999  30.450001     27.520000   14.980000\n",
      "40  Michelle      4  10.020000  28.270000  28.620001     27.379999   15.730000\n",
      "20    Helena      4   5.360000  21.440001  40.060001     27.200001   11.290000\n",
      "0      Alice      3  11.040000  29.530001  26.830000     27.160000   16.490000\n",
      "5     Amelia      3  12.170000  30.850000  25.090000     26.799999   17.250000\n",
      "25     Henry      3  16.459999  35.959999  20.580000     23.570000   19.900000\n",
      "55     Rosie      2  18.139999  42.240002  10.340000     14.660000   32.759998\n",
      "60     Steph      2  18.760000  42.610001  10.280000     14.360000   32.750000\n",
      "35   Michael      1  11.860000  51.689999  23.309999     10.400000   14.590000\n",
      "10       Dan      4   3.080000  11.180000  69.330002      9.460000   10.030000\n",
      "30     Jamie      4   1.720000   7.650000  78.500000      6.980000    6.880000\n"
     ]
    }
   ],
   "source": [
    "gbbo = gbbo[sub].sort_values(by=['fifthseventh'],ascending=False)\n",
    "print(gbbo)"
   ]
  },
  {
   "cell_type": "code",
   "execution_count": 8,
   "metadata": {},
   "outputs": [
    {
     "name": "stdout",
     "output_type": "stream",
     "text": [
      "       baker  preds   finalist       top3     bottom  fifthseventh  thirdforth\n",
      "60     Steph      2  18.760000  42.610001  10.280000     14.360000   32.750000\n",
      "55     Rosie      2  18.139999  42.240002  10.340000     14.660000   32.759998\n",
      "25     Henry      3  16.459999  35.959999  20.580000     23.570000   19.900000\n",
      "5     Amelia      3  12.170000  30.850000  25.090000     26.799999   17.250000\n",
      "35   Michael      1  11.860000  51.689999  23.309999     10.400000   14.590000\n",
      "0      Alice      3  11.040000  29.530001  26.830000     27.160000   16.490000\n",
      "40  Michelle      4  10.020000  28.270000  28.620001     27.379999   15.730000\n",
      "50     Priya      4   9.080000  27.049999  30.450001     27.520000   14.980000\n",
      "45      Phil      4   8.210000  25.870001  32.320000     27.590000   14.220000\n",
      "15     David      4   6.660000  23.590000  36.150002     27.530001   12.730000\n",
      "20    Helena      4   5.360000  21.440001  40.060001     27.200001   11.290000\n",
      "10       Dan      4   3.080000  11.180000  69.330002      9.460000   10.030000\n",
      "30     Jamie      4   1.720000   7.650000  78.500000      6.980000    6.880000\n"
     ]
    }
   ],
   "source": [
    "gbbo = gbbo[sub].sort_values(by=['finalist'],ascending=False)\n",
    "print(gbbo)"
   ]
  },
  {
   "cell_type": "code",
   "execution_count": 9,
   "metadata": {
    "scrolled": false
   },
   "outputs": [
    {
     "name": "stdout",
     "output_type": "stream",
     "text": [
      "9\n"
     ]
    },
    {
     "data": {
