{
 "cells": [
  {
   "cell_type": "code",
   "execution_count": 1,
   "metadata": {},
   "outputs": [],
   "source": [
    "import pandas as pd\n",
    "import numpy as np\n",
    "import matplotlib.pyplot as plt\n",
    "import seaborn as sns\n",
    "from scipy import interp\n",
    "import scipy.stats\n",
    "import warnings\n",
    "from datetime import datetime\n",
    "from sklearn.preprocessing import QuantileTransformer\n",
    "import subprocess\n",
    "import keras\n",
    "from keras.models import Sequential\n",
    "from keras.layers import Dense, Activation, Dropout\n",
    "from keras.activations import relu\n",
    "import tensorflow as tf\n",
    "warnings.simplefilter(\"ignore\")"
   ]
  },
  {
   "cell_type": "code",
   "execution_count": 2,
   "metadata": {},
   "outputs": [],
   "source": [
    "def timestamp(): return datetime.today().strftime('%Y%m%d')"
   ]
  },
  {
   "cell_type": "code",
   "execution_count": 3,
   "metadata": {},
   "outputs": [],
   "source": [
    "def quantile_scale(df,feats):\n",
    "    qua = df\n",
    "    scaler = QuantileTransformer(\n",
    "        n_quantiles=10,\n",
    "        random_state=42,\n",
    "        ignore_implicit_zeros=True, #sparse matrix\n",
    "    )\n",
    "    # fit the scaler\n",
    "    scaler.fit(qua[feats])\n",
    "    # transform values\n",
    "    qua[feats] = scaler.transform(qua[feats])\n",
    "    return qua"
   ]
  },
  {
   "cell_type": "code",
   "execution_count": 4,
   "metadata": {},
   "outputs": [],
   "source": [
    "def tiered(classes):\n",
    "    trans = []\n",
    "    for x in classes:\n",
    "        if x==1: c=0\n",
    "        if x==2: c=1\n",
    "        if x>=3 and x<=4: c=2\n",
    "        if x>=5 and x<=7: c=3\n",
    "        if x>=8: c=4\n",
    "        trans.append(c)\n",
    "    return trans"
   ]
  },
  {
   "cell_type": "code",
   "execution_count": 5,
   "metadata": {},
   "outputs": [],
   "source": [
    "def merge_feats(episode):\n",
    "    subprocess.run(f'bash src/get_data_ready.sh {episode}', shell=True)\n",
    "    merge_col = ['season','baker','episode']\n",
    "    tech = pd.read_csv(f\"deepbake_s12_technical_features.tsv\",sep=\"\\t\")\n",
    "    star = pd.read_csv(f\"deepbake_judge_features_s12_e{episode}.tsv\",sep=\"\\t\")\n",
    "    gbbo = pd.merge(tech, star,  how='left', left_on=merge_col, right_on =merge_col).drop_duplicates()\n",
    "    gbbo = gbbo[['season','baker','episode','tech_mean','tech','mean_star','star','mean_good','good','mean_bad','bad']]\n",
    "    gbbo.to_csv(f\"deepbake_features_s12_e{episode}.tsv\",sep=\"\\t\",index=False)"
   ]
  },
  {
   "cell_type": "code",
   "execution_count": 6,
   "metadata": {},
   "outputs": [],
   "source": [
    "def process_episode(episode):\n",
    "    merge_feats(episode)\n",
    "    gbbo = pd.read_csv(f\"deepbake_features_s12_e{episode}.tsv\",sep=\"\\t\")\n",
    "    feats = ['tech_mean','tech','mean_star','star','mean_good','good','mean_bad','bad']\n",
    "    gbbo = gbbo.loc[gbbo['episode']==episode]\n",
    "    gbbo = quantile_scale(gbbo,feats)\n",
    "    return gbbo"
   ]
  },
  {
   "cell_type": "code",
   "execution_count": 7,
   "metadata": {},
   "outputs": [],
   "source": [
    "def get_training_set(episode):\n",
    "    tech = pd.read_csv(\"../../RESULTS/deepbake_features.20210926.tsv\",sep='\\t')\n",
    "    tech = tech.loc[tech['episode']==episode]\n",
    "    feats = ['tech_mean','tech','mean_star','star','mean_good','good','mean_bad','bad']\n",
    "    qua = quantile_scale(tech,feats)\n",
    "    qua['place']=tiered(qua['place'])\n",
    "    X, y = np.matrix(qua[feats]), np.array(qua['place'])\n",
    "    return X,y"
   ]
  },
  {
   "cell_type": "code",
   "execution_count": 8,
   "metadata": {},
   "outputs": [],
   "source": [
    "def create_model( nl1=1, nl2=1,  nl3=1, \n",
    "                 nn1=1000, nn2=500, nn3 = 200, lr=0.01, decay=0., l1=0.01, l2=0.01,\n",
    "                act = 'relu', dropout=0,input_shape=None,output_shape=None):    \n",
    "    '''This is a model generating function so that we can search over neural net \n",
    "    parameters and architecture\n",
    "    https://www.kaggle.com/arrogantlymodest/randomised-cv-search-over-keras-neural-network\n",
    "    '''\n",
    "    opt = tf.optimizers.Adam(lr=lr, beta_1=0.9, beta_2=0.999,  decay=decay)\n",
    "    reg = keras.regularizers.l1_l2(l1=l1, l2=l2)\n",
    "    model = Sequential()\n",
    "    first=True  \n",
    "    for i in range(nl1):\n",
    "        if first:\n",
    "            model.add(Dense(nn1, input_dim=input_shape, activation=act, kernel_regularizer=reg))\n",
    "            first=False\n",
    "        else: \n",
    "            model.add(Dense(nn1, activation=act, kernel_regularizer=reg))\n",
    "        if dropout!=0:\n",
    "            model.add(Dropout(dropout))    \n",
    "    for i in range(nl2):\n",
    "        if first:\n",
    "            model.add(Dense(nn2, input_dim=input_shape, activation=act, kernel_regularizer=reg))\n",
    "            first=False\n",
    "        else: \n",
    "            model.add(Dense(nn2, activation=act, kernel_regularizer=reg))\n",
    "        if dropout!=0:\n",
    "            model.add(Dropout(dropout))    \n",
    "    for i in range(nl3):\n",
    "        if first:\n",
    "            model.add(Dense(nn3, input_dim=input_shape, activation=act, kernel_regularizer=reg))\n",
    "            first=False\n",
    "        else: \n",
    "            model.add(Dense(nn3, activation=act, kernel_regularizer=reg))\n",
    "        if dropout!=0:\n",
    "            model.add(Dropout(dropout))       \n",
    "    model.add(Dense(output_shape, activation='softmax'))\n",
    "    model.compile(loss='sparse_categorical_crossentropy', optimizer=opt, metrics=['accuracy'],)\n",
    "    return model"
   ]
  },
  {
   "cell_type": "code",
   "execution_count": 9,
   "metadata": {},
   "outputs": [],
   "source": [
    "def deep_bake(episode):\n",
    "    feats = ['tech_mean','tech','mean_star','star','mean_good','good','mean_bad','bad']\n",
    "    tech = pd.read_csv(\"../../RESULTS/deepbake_features.20210926.tsv\",sep='\\t')\n",
    "    tech['place']=tiered(tech['place'])\n",
    "    input_shape = len(feats)\n",
    "    output_shape = len(set(tech['place']))\n",
    "\n",
    "    l1 = 0.0001\n",
    "    l2 = 0.0001\n",
    "    lr = 0.0001\n",
    "    nl1 = 1\n",
    "    nl2 = 1\n",
    "    nl3 = 1\n",
    "    nn1 = 800\n",
    "    nn2 = 800\n",
    "    nn3 = 300\n",
    "    dropout = 0.1\n",
    "    decay = 1e-09\n",
    "    act='relu'\n",
    "    n_dims = len(feats)\n",
    "    n_classes = len(set(tech['place']))\n",
    "    BATCH,EPOCHS = 12, 25\n",
    "    \n",
    "    GBBO = pd.read_csv(f\"deepbake_features_s12_e{episode}.tsv\",sep=\"\\t\")\n",
    "    S11 = pd.DataFrame()\n",
    "    \n",
    "    gbbo = GBBO.loc[GBBO['episode']==episode].copy()\n",
    "    gbbo = quantile_scale(gbbo,feats)\n",
    "    test = np.matrix(gbbo[feats])\n",
    "\n",
    "    tech2 = tech.loc[tech['episode']==episode].copy()\n",
    "    qua = quantile_scale(tech2,feats)\n",
    "    qua['place']=tiered(qua['place'])\n",
    "\n",
    "    X, y = np.matrix(qua[feats]), np.array(qua['place'])\n",
    "\n",
    "    nn = create_model( nl1=nl1, nl2=nl2,  nl3=nl3, \n",
    "                     nn1=nn1, nn2=nn2, nn3 = nn3, \n",
    "                     lr=lr, decay=decay, l1=l1, l2=l2,\n",
    "                     act = act, dropout=dropout,\n",
    "                     input_shape=n_dims,\n",
    "                     output_shape=n_classes)\n",
    "\n",
    "    nn.fit(X,y,validation_split=0., batch_size=BATCH, epochs=EPOCHS,verbose=0)\n",
    "    preds = np.argmax(nn.predict(test) > 0.5, axis=-1).astype(\"int32\")\n",
    "    probs = nn.predict(test)\n",
    "    gbbo['preds']=preds\n",
    "    # probability baker is a finalist\n",
    "    top = probs[:,0]\n",
    "    # probability baker is a finalist or a runner-up\n",
    "    top3 = probs[:,0]+probs[:,1]\n",
    "    # bottom tier (8th and below)\n",
    "    bot = probs[:,-1]\n",
    "    # 5th - 7th\n",
    "    nextbot = probs[:,-2]\n",
    "    third = probs[:,-3]\n",
    "\n",
    "    gbbo['bottom']=np.round(bot*100,decimals=2)\n",
    "    gbbo['finalist']=np.round(top*100,decimals=2) \n",
    "    gbbo['top3'] = np.round(top3*100,decimals=2)\n",
    "    gbbo['fifthseventh'] = np.round(nextbot*100,decimals=2)\n",
    "    gbbo['thirdforth'] = np.round(third*100,decimals=2)\n",
    "    gbbo.to_csv(f\"deepbake_s12.week{episode}_predictions.tsv\",sep=\"\\t\",index=False)\n",
    "\n",
    "    return gbbo"
   ]
  },
  {
   "cell_type": "code",
   "execution_count": 11,
   "metadata": {},
   "outputs": [
    {
     "data": {
      "text/html": [
       "<div>\n",
       "<style scoped>\n",
       "    .dataframe tbody tr th:only-of-type {\n",
       "        vertical-align: middle;\n",
       "    }\n",
       "\n",
       "    .dataframe tbody tr th {\n",
       "        vertical-align: top;\n",
       "    }\n",
       "\n",
       "    .dataframe thead th {\n",
       "        text-align: right;\n",
       "    }\n",
       "</style>\n",
       "<table border=\"1\" class=\"dataframe\">\n",
       "  <thead>\n",
       "    <tr style=\"text-align: right;\">\n",
       "      <th></th>\n",
       "      <th>season</th>\n",
       "      <th>baker</th>\n",
       "      <th>episode</th>\n",
       "      <th>tech_mean</th>\n",
       "      <th>tech</th>\n",
       "      <th>mean_star</th>\n",
       "      <th>star</th>\n",
       "      <th>mean_good</th>\n",
       "      <th>good</th>\n",
       "      <th>mean_bad</th>\n",
       "      <th>bad</th>\n",
       "    </tr>\n",
       "  </thead>\n",
       "  <tbody>\n",
       "    <tr>\n",
       "      <th>7</th>\n",
       "      <td>12</td>\n",
       "      <td>Amanda</td>\n",
       "      <td>8</td>\n",
       "      <td>0.825465</td>\n",
       "      <td>0.000000</td>\n",
       "      <td>0.000000</td>\n",
       "      <td>0.0</td>\n",
       "      <td>0.000000</td>\n",
       "      <td>0.0</td>\n",
       "      <td>1.000000</td>\n",
       "      <td>0.0</td>\n",
       "    </tr>\n",
       "    <tr>\n",
       "      <th>15</th>\n",
       "      <td>12</td>\n",
       "      <td>Chigs</td>\n",
       "      <td>8</td>\n",
       "      <td>0.727273</td>\n",
       "      <td>0.636364</td>\n",
       "      <td>0.888889</td>\n",
       "      <td>1.0</td>\n",
       "      <td>0.777778</td>\n",
       "      <td>1.0</td>\n",
       "      <td>0.000000</td>\n",
       "      <td>0.0</td>\n",
       "    </tr>\n",
       "    <tr>\n",
       "      <th>23</th>\n",
       "      <td>12</td>\n",
       "      <td>Crystelle</td>\n",
       "      <td>8</td>\n",
       "      <td>1.000000</td>\n",
       "      <td>1.000000</td>\n",
       "      <td>0.729469</td>\n",
       "      <td>0.0</td>\n",
       "      <td>0.777778</td>\n",
       "      <td>0.0</td>\n",
       "      <td>0.388889</td>\n",
       "      <td>1.0</td>\n",
       "    </tr>\n",
       "    <tr>\n",
       "      <th>31</th>\n",
       "      <td>12</td>\n",
       "      <td>Freya</td>\n",
       "      <td>8</td>\n",
       "      <td>0.170574</td>\n",
       "      <td>0.000000</td>\n",
       "      <td>0.000000</td>\n",
       "      <td>0.0</td>\n",
       "      <td>0.634568</td>\n",
       "      <td>0.0</td>\n",
       "      <td>0.611111</td>\n",
       "      <td>0.0</td>\n",
       "    </tr>\n",
       "    <tr>\n",
       "      <th>39</th>\n",
       "      <td>12</td>\n",
       "      <td>George</td>\n",
       "      <td>8</td>\n",
       "      <td>0.898719</td>\n",
       "      <td>0.000000</td>\n",
       "      <td>0.000000</td>\n",
       "      <td>0.0</td>\n",
       "      <td>0.444444</td>\n",
       "      <td>0.0</td>\n",
       "      <td>1.000000</td>\n",
       "      <td>0.0</td>\n",
       "    </tr>\n",
       "    <tr>\n",
       "      <th>47</th>\n",
       "      <td>12</td>\n",
       "      <td>Giuseppe</td>\n",
       "      <td>8</td>\n",
       "      <td>0.448092</td>\n",
       "      <td>0.727273</td>\n",
       "      <td>0.888889</td>\n",
       "      <td>0.0</td>\n",
       "      <td>1.000000</td>\n",
       "      <td>0.0</td>\n",
       "      <td>0.000000</td>\n",
       "      <td>0.0</td>\n",
       "    </tr>\n",
       "    <tr>\n",
       "      <th>55</th>\n",
       "      <td>12</td>\n",
       "      <td>Jairzinho</td>\n",
       "      <td>8</td>\n",
       "      <td>0.107427</td>\n",
       "      <td>0.000000</td>\n",
       "      <td>0.000000</td>\n",
       "      <td>0.0</td>\n",
       "      <td>0.000000</td>\n",
       "      <td>0.0</td>\n",
       "      <td>0.611111</td>\n",
       "      <td>0.0</td>\n",
       "    </tr>\n",
       "    <tr>\n",
       "      <th>63</th>\n",
       "      <td>12</td>\n",
       "      <td>Jürgen</td>\n",
       "      <td>8</td>\n",
       "      <td>0.361905</td>\n",
       "      <td>0.909091</td>\n",
       "      <td>1.000000</td>\n",
       "      <td>0.0</td>\n",
       "      <td>0.931937</td>\n",
       "      <td>1.0</td>\n",
       "      <td>0.000000</td>\n",
       "      <td>0.0</td>\n",
       "    </tr>\n",
       "    <tr>\n",
       "      <th>71</th>\n",
       "      <td>12</td>\n",
       "      <td>Lizzie</td>\n",
       "      <td>8</td>\n",
       "      <td>0.636364</td>\n",
       "      <td>0.818182</td>\n",
       "      <td>0.000000</td>\n",
       "      <td>0.0</td>\n",
       "      <td>0.444444</td>\n",
       "      <td>0.0</td>\n",
       "      <td>0.611111</td>\n",
       "      <td>1.0</td>\n",
       "    </tr>\n",
       "    <tr>\n",
       "      <th>79</th>\n",
       "      <td>12</td>\n",
       "      <td>Maggie</td>\n",
       "      <td>8</td>\n",
       "      <td>0.302799</td>\n",
       "      <td>0.000000</td>\n",
       "      <td>0.000000</td>\n",
       "      <td>0.0</td>\n",
       "      <td>0.444444</td>\n",
       "      <td>0.0</td>\n",
       "      <td>0.820261</td>\n",
       "      <td>0.0</td>\n",
       "    </tr>\n",
       "    <tr>\n",
       "      <th>87</th>\n",
       "      <td>12</td>\n",
       "      <td>Rochica</td>\n",
       "      <td>8</td>\n",
       "      <td>0.541526</td>\n",
       "      <td>0.000000</td>\n",
       "      <td>0.000000</td>\n",
       "      <td>0.0</td>\n",
       "      <td>0.000000</td>\n",
       "      <td>0.0</td>\n",
       "      <td>0.388889</td>\n",
       "      <td>0.0</td>\n",
       "    </tr>\n",
       "    <tr>\n",
       "      <th>95</th>\n",
       "      <td>12</td>\n",
       "      <td>Tom</td>\n",
       "      <td>8</td>\n",
       "      <td>0.000000</td>\n",
       "      <td>0.000000</td>\n",
       "      <td>0.000000</td>\n",
       "      <td>0.0</td>\n",
       "      <td>0.000000</td>\n",
       "      <td>0.0</td>\n",
       "      <td>0.388889</td>\n",
       "      <td>0.0</td>\n",
       "    </tr>\n",
       "  </tbody>\n",
       "</table>\n",
       "</div>"
      ],
      "text/plain": [
       "    season      baker  episode  tech_mean      tech  mean_star  star  \\\n",
       "7       12     Amanda        8   0.825465  0.000000   0.000000   0.0   \n",
       "15      12      Chigs        8   0.727273  0.636364   0.888889   1.0   \n",
       "23      12  Crystelle        8   1.000000  1.000000   0.729469   0.0   \n",
       "31      12      Freya        8   0.170574  0.000000   0.000000   0.0   \n",
       "39      12     George        8   0.898719  0.000000   0.000000   0.0   \n",
       "47      12   Giuseppe        8   0.448092  0.727273   0.888889   0.0   \n",
       "55      12  Jairzinho        8   0.107427  0.000000   0.000000   0.0   \n",
       "63      12     Jürgen        8   0.361905  0.909091   1.000000   0.0   \n",
       "71      12     Lizzie        8   0.636364  0.818182   0.000000   0.0   \n",
       "79      12     Maggie        8   0.302799  0.000000   0.000000   0.0   \n",
       "87      12    Rochica        8   0.541526  0.000000   0.000000   0.0   \n",
       "95      12        Tom        8   0.000000  0.000000   0.000000   0.0   \n",
       "\n",
       "    mean_good  good  mean_bad  bad  \n",
       "7    0.000000   0.0  1.000000  0.0  \n",
       "15   0.777778   1.0  0.000000  0.0  \n",
       "23   0.777778   0.0  0.388889  1.0  \n",
       "31   0.634568   0.0  0.611111  0.0  \n",
       "39   0.444444   0.0  1.000000  0.0  \n",
       "47   1.000000   0.0  0.000000  0.0  \n",
       "55   0.000000   0.0  0.611111  0.0  \n",
       "63   0.931937   1.0  0.000000  0.0  \n",
       "71   0.444444   0.0  0.611111  1.0  \n",
       "79   0.444444   0.0  0.820261  0.0  \n",
       "87   0.000000   0.0  0.388889  0.0  \n",
       "95   0.000000   0.0  0.388889  0.0  "
      ]
     },
     "execution_count": 11,
     "metadata": {},
     "output_type": "execute_result"
    }
   ],
   "source": [
    "episode=8\n",
    "process_episode(episode)"
   ]
  },
  {
   "cell_type": "code",
   "execution_count": 12,
   "metadata": {},
   "outputs": [],
   "source": [
    "df = deep_bake(episode)"
   ]
  },
  {
   "cell_type": "code",
   "execution_count": 13,
   "metadata": {},
   "outputs": [
    {
     "data": {
      "text/html": [
       "<div>\n",
       "<style scoped>\n",
       "    .dataframe tbody tr th:only-of-type {\n",
       "        vertical-align: middle;\n",
       "    }\n",
       "\n",
       "    .dataframe tbody tr th {\n",
       "        vertical-align: top;\n",
       "    }\n",
       "\n",
       "    .dataframe thead th {\n",
       "        text-align: right;\n",
       "    }\n",
       "</style>\n",
       "<table border=\"1\" class=\"dataframe\">\n",
       "  <thead>\n",
       "    <tr style=\"text-align: right;\">\n",
       "      <th></th>\n",
       "      <th>season</th>\n",
       "      <th>baker</th>\n",
       "      <th>episode</th>\n",
       "      <th>tech_mean</th>\n",
       "      <th>tech</th>\n",
       "      <th>mean_star</th>\n",
       "      <th>star</th>\n",
       "      <th>mean_good</th>\n",
       "      <th>good</th>\n",
       "      <th>mean_bad</th>\n",
       "      <th>bad</th>\n",
       "      <th>preds</th>\n",
       "      <th>bottom</th>\n",
       "      <th>finalist</th>\n",
       "      <th>top3</th>\n",
       "      <th>fifthseventh</th>\n",
       "      <th>thirdforth</th>\n",
       "    </tr>\n",
       "  </thead>\n",
       "  <tbody>\n",
       "    <tr>\n",
       "      <th>47</th>\n",
       "      <td>12</td>\n",
       "      <td>Giuseppe</td>\n",
       "      <td>8</td>\n",
       "      <td>0.448092</td>\n",
       "      <td>0.727273</td>\n",
       "      <td>0.888889</td>\n",
       "      <td>0.0</td>\n",
       "      <td>1.000000</td>\n",
       "      <td>0.0</td>\n",
       "      <td>0.000000</td>\n",
       "      <td>0.0</td>\n",
       "      <td>0</td>\n",
       "      <td>0.39</td>\n",
       "      <td>58.180000</td>\n",
       "      <td>76.959999</td>\n",
       "      <td>0.42</td>\n",
       "      <td>22.219999</td>\n",
       "    </tr>\n",
       "    <tr>\n",
       "      <th>63</th>\n",
       "      <td>12</td>\n",
       "      <td>Jürgen</td>\n",
       "      <td>8</td>\n",
       "      <td>0.361905</td>\n",
       "      <td>0.909091</td>\n",
       "      <td>1.000000</td>\n",
       "      <td>0.0</td>\n",
       "      <td>0.931937</td>\n",
       "      <td>1.0</td>\n",
       "      <td>0.000000</td>\n",
       "      <td>0.0</td>\n",
       "      <td>0</td>\n",
       "      <td>0.24</td>\n",
       "      <td>79.529999</td>\n",
       "      <td>90.800003</td>\n",
       "      <td>0.26</td>\n",
       "      <td>8.700000</td>\n",
       "    </tr>\n",
       "    <tr>\n",
       "      <th>15</th>\n",
       "      <td>12</td>\n",
       "      <td>Chigs</td>\n",
       "      <td>8</td>\n",
       "      <td>0.727273</td>\n",
       "      <td>0.636364</td>\n",
       "      <td>0.888889</td>\n",
       "      <td>1.0</td>\n",
       "      <td>0.777778</td>\n",
       "      <td>1.0</td>\n",
       "      <td>0.000000</td>\n",
       "      <td>0.0</td>\n",
       "      <td>0</td>\n",
       "      <td>0.21</td>\n",
       "      <td>60.869999</td>\n",
       "      <td>83.190002</td>\n",
       "      <td>0.22</td>\n",
       "      <td>16.379999</td>\n",
       "    </tr>\n",
       "    <tr>\n",
       "      <th>71</th>\n",
       "      <td>12</td>\n",
       "      <td>Lizzie</td>\n",
       "      <td>8</td>\n",
       "      <td>0.636364</td>\n",
       "      <td>0.818182</td>\n",
       "      <td>0.000000</td>\n",
       "      <td>0.0</td>\n",
       "      <td>0.444444</td>\n",
       "      <td>0.0</td>\n",
       "      <td>0.611111</td>\n",
       "      <td>1.0</td>\n",
       "      <td>1</td>\n",
       "      <td>0.17</td>\n",
       "      <td>5.880000</td>\n",
       "      <td>81.760002</td>\n",
       "      <td>0.19</td>\n",
       "      <td>17.879999</td>\n",
       "    </tr>\n",
       "    <tr>\n",
       "      <th>23</th>\n",
       "      <td>12</td>\n",
       "      <td>Crystelle</td>\n",
       "      <td>8</td>\n",
       "      <td>1.000000</td>\n",
       "      <td>1.000000</td>\n",
       "      <td>0.729469</td>\n",
       "      <td>0.0</td>\n",
       "      <td>0.777778</td>\n",
       "      <td>0.0</td>\n",
       "      <td>0.388889</td>\n",
       "      <td>1.0</td>\n",
       "      <td>1</td>\n",
       "      <td>0.07</td>\n",
       "      <td>16.410000</td>\n",
       "      <td>90.339996</td>\n",
       "      <td>0.08</td>\n",
       "      <td>9.510000</td>\n",
       "    </tr>\n",
       "  </tbody>\n",
       "</table>\n",
       "</div>"
      ],
      "text/plain": [
       "    season      baker  episode  tech_mean      tech  mean_star  star  \\\n",
       "47      12   Giuseppe        8   0.448092  0.727273   0.888889   0.0   \n",
       "63      12     Jürgen        8   0.361905  0.909091   1.000000   0.0   \n",
       "15      12      Chigs        8   0.727273  0.636364   0.888889   1.0   \n",
       "71      12     Lizzie        8   0.636364  0.818182   0.000000   0.0   \n",
       "23      12  Crystelle        8   1.000000  1.000000   0.729469   0.0   \n",
       "\n",
       "    mean_good  good  mean_bad  bad  preds  bottom   finalist       top3  \\\n",
       "47   1.000000   0.0  0.000000  0.0      0    0.39  58.180000  76.959999   \n",
       "63   0.931937   1.0  0.000000  0.0      0    0.24  79.529999  90.800003   \n",
       "15   0.777778   1.0  0.000000  0.0      0    0.21  60.869999  83.190002   \n",
       "71   0.444444   0.0  0.611111  1.0      1    0.17   5.880000  81.760002   \n",
       "23   0.777778   0.0  0.388889  1.0      1    0.07  16.410000  90.339996   \n",
       "\n",
       "    fifthseventh  thirdforth  \n",
       "47          0.42   22.219999  \n",
       "63          0.26    8.700000  \n",
       "15          0.22   16.379999  \n",
       "71          0.19   17.879999  \n",
       "23          0.08    9.510000  "
      ]
     },
     "execution_count": 13,
     "metadata": {},
     "output_type": "execute_result"
    }
   ],
   "source": [
    "eliminated = [\n",
    "    'Tom',\n",
    "    'Jairzinho',\n",
    "    'Rochica',\n",
    "    'Maggie',\n",
    "    'Freya',\n",
    "    'Amanda',\n",
    "    'George'\n",
    "]\n",
    "\n",
    "df[~df['baker'].isin(eliminated)].sort_values(['fifthseventh'],ascending=False)\n"
   ]
  },
  {
   "cell_type": "code",
   "execution_count": 14,
   "metadata": {},
   "outputs": [
    {
     "data": {
      "text/html": [
       "<div>\n",
       "<style scoped>\n",
       "    .dataframe tbody tr th:only-of-type {\n",
       "        vertical-align: middle;\n",
       "    }\n",
       "\n",
       "    .dataframe tbody tr th {\n",
       "        vertical-align: top;\n",
       "    }\n",
       "\n",
       "    .dataframe thead th {\n",
       "        text-align: right;\n",
       "    }\n",
       "</style>\n",
       "<table border=\"1\" class=\"dataframe\">\n",
       "  <thead>\n",
       "    <tr style=\"text-align: right;\">\n",
       "      <th></th>\n",
       "      <th>season</th>\n",
       "      <th>baker</th>\n",
       "      <th>episode</th>\n",
       "      <th>tech_mean</th>\n",
       "      <th>tech</th>\n",
       "      <th>mean_star</th>\n",
       "      <th>star</th>\n",
       "      <th>mean_good</th>\n",
       "      <th>good</th>\n",
       "      <th>mean_bad</th>\n",
       "      <th>bad</th>\n",
       "      <th>preds</th>\n",
       "      <th>bottom</th>\n",
       "      <th>finalist</th>\n",
       "      <th>top3</th>\n",
       "      <th>fifthseventh</th>\n",
       "      <th>thirdforth</th>\n",
       "    </tr>\n",
       "  </thead>\n",
       "  <tbody>\n",
       "    <tr>\n",
       "      <th>63</th>\n",
       "      <td>12</td>\n",
       "      <td>Jürgen</td>\n",
       "      <td>8</td>\n",
       "      <td>0.361905</td>\n",
       "      <td>0.909091</td>\n",
       "      <td>1.000000</td>\n",
       "      <td>0.0</td>\n",
       "      <td>0.931937</td>\n",
       "      <td>1.0</td>\n",
       "      <td>0.000000</td>\n",
       "      <td>0.0</td>\n",
       "      <td>0</td>\n",
       "      <td>0.24</td>\n",
       "      <td>79.529999</td>\n",
       "      <td>90.800003</td>\n",
       "      <td>0.26</td>\n",
       "      <td>8.700000</td>\n",
       "    </tr>\n",
       "    <tr>\n",
       "      <th>23</th>\n",
       "      <td>12</td>\n",
       "      <td>Crystelle</td>\n",
       "      <td>8</td>\n",
       "      <td>1.000000</td>\n",
       "      <td>1.000000</td>\n",
       "      <td>0.729469</td>\n",
       "      <td>0.0</td>\n",
       "      <td>0.777778</td>\n",
       "      <td>0.0</td>\n",
       "      <td>0.388889</td>\n",
       "      <td>1.0</td>\n",
       "      <td>1</td>\n",
       "      <td>0.07</td>\n",
       "      <td>16.410000</td>\n",
       "      <td>90.339996</td>\n",
       "      <td>0.08</td>\n",
       "      <td>9.510000</td>\n",
       "    </tr>\n",
       "    <tr>\n",
       "      <th>15</th>\n",
       "      <td>12</td>\n",
       "      <td>Chigs</td>\n",
       "      <td>8</td>\n",
       "      <td>0.727273</td>\n",
       "      <td>0.636364</td>\n",
       "      <td>0.888889</td>\n",
       "      <td>1.0</td>\n",
       "      <td>0.777778</td>\n",
       "      <td>1.0</td>\n",
       "      <td>0.000000</td>\n",
       "      <td>0.0</td>\n",
       "      <td>0</td>\n",
       "      <td>0.21</td>\n",
       "      <td>60.869999</td>\n",
       "      <td>83.190002</td>\n",
       "      <td>0.22</td>\n",
       "      <td>16.379999</td>\n",
       "    </tr>\n",
       "    <tr>\n",
       "      <th>71</th>\n",
       "      <td>12</td>\n",
       "      <td>Lizzie</td>\n",
       "      <td>8</td>\n",
       "      <td>0.636364</td>\n",
       "      <td>0.818182</td>\n",
       "      <td>0.000000</td>\n",
       "      <td>0.0</td>\n",
       "      <td>0.444444</td>\n",
       "      <td>0.0</td>\n",
       "      <td>0.611111</td>\n",
       "      <td>1.0</td>\n",
       "      <td>1</td>\n",
       "      <td>0.17</td>\n",
       "      <td>5.880000</td>\n",
       "      <td>81.760002</td>\n",
       "      <td>0.19</td>\n",
       "      <td>17.879999</td>\n",
       "    </tr>\n",
       "    <tr>\n",
       "      <th>47</th>\n",
       "      <td>12</td>\n",
       "      <td>Giuseppe</td>\n",
       "      <td>8</td>\n",
       "      <td>0.448092</td>\n",
       "      <td>0.727273</td>\n",
       "      <td>0.888889</td>\n",
       "      <td>0.0</td>\n",
       "      <td>1.000000</td>\n",
       "      <td>0.0</td>\n",
       "      <td>0.000000</td>\n",
       "      <td>0.0</td>\n",
       "      <td>0</td>\n",
       "      <td>0.39</td>\n",
       "      <td>58.180000</td>\n",
       "      <td>76.959999</td>\n",
       "      <td>0.42</td>\n",
       "      <td>22.219999</td>\n",
       "    </tr>\n",
       "  </tbody>\n",
       "</table>\n",
       "</div>"
      ],
      "text/plain": [
       "    season      baker  episode  tech_mean      tech  mean_star  star  \\\n",
       "63      12     Jürgen        8   0.361905  0.909091   1.000000   0.0   \n",
       "23      12  Crystelle        8   1.000000  1.000000   0.729469   0.0   \n",
       "15      12      Chigs        8   0.727273  0.636364   0.888889   1.0   \n",
       "71      12     Lizzie        8   0.636364  0.818182   0.000000   0.0   \n",
       "47      12   Giuseppe        8   0.448092  0.727273   0.888889   0.0   \n",
       "\n",
       "    mean_good  good  mean_bad  bad  preds  bottom   finalist       top3  \\\n",
       "63   0.931937   1.0  0.000000  0.0      0    0.24  79.529999  90.800003   \n",
       "23   0.777778   0.0  0.388889  1.0      1    0.07  16.410000  90.339996   \n",
       "15   0.777778   1.0  0.000000  0.0      0    0.21  60.869999  83.190002   \n",
       "71   0.444444   0.0  0.611111  1.0      1    0.17   5.880000  81.760002   \n",
       "47   1.000000   0.0  0.000000  0.0      0    0.39  58.180000  76.959999   \n",
       "\n",
       "    fifthseventh  thirdforth  \n",
       "63          0.26    8.700000  \n",
       "23          0.08    9.510000  \n",
       "15          0.22   16.379999  \n",
       "71          0.19   17.879999  \n",
       "47          0.42   22.219999  "
      ]
     },
     "execution_count": 14,
     "metadata": {},
     "output_type": "execute_result"
    }
   ],
   "source": [
    "df[~df['baker'].isin(eliminated)].sort_values(['top3'],ascending=False)\n"
   ]
  },
  {
   "cell_type": "code",
   "execution_count": 16,
   "metadata": {},
   "outputs": [
    {
     "data": {
      "text/html": [
       "<div>\n",
       "<style scoped>\n",
       "    .dataframe tbody tr th:only-of-type {\n",
       "        vertical-align: middle;\n",
       "    }\n",
       "\n",
       "    .dataframe tbody tr th {\n",
       "        vertical-align: top;\n",
       "    }\n",
       "\n",
       "    .dataframe thead th {\n",
       "        text-align: right;\n",
       "    }\n",
       "</style>\n",
       "<table border=\"1\" class=\"dataframe\">\n",
       "  <thead>\n",
       "    <tr style=\"text-align: right;\">\n",
       "      <th></th>\n",
       "      <th>season</th>\n",
       "      <th>baker</th>\n",
       "      <th>episode</th>\n",
       "      <th>tech_mean</th>\n",
       "      <th>tech</th>\n",
       "      <th>mean_star</th>\n",
       "      <th>star</th>\n",
       "      <th>mean_good</th>\n",
       "      <th>good</th>\n",
       "      <th>mean_bad</th>\n",
       "      <th>bad</th>\n",
       "      <th>preds</th>\n",
       "      <th>bottom</th>\n",
       "      <th>finalist</th>\n",
       "      <th>top3</th>\n",
       "      <th>fifthseventh</th>\n",
       "      <th>thirdforth</th>\n",
       "    </tr>\n",
       "  </thead>\n",
       "  <tbody>\n",
       "    <tr>\n",
       "      <th>63</th>\n",
       "      <td>12</td>\n",
       "      <td>Jürgen</td>\n",
       "      <td>8</td>\n",
       "      <td>0.361905</td>\n",
       "      <td>0.909091</td>\n",
       "      <td>1.000000</td>\n",
       "      <td>0.0</td>\n",
       "      <td>0.931937</td>\n",
       "      <td>1.0</td>\n",
       "      <td>0.000000</td>\n",
       "      <td>0.0</td>\n",
       "      <td>0</td>\n",
       "      <td>0.24</td>\n",
       "      <td>79.529999</td>\n",
       "      <td>90.800003</td>\n",
       "      <td>0.26</td>\n",
       "      <td>8.700000</td>\n",
       "    </tr>\n",
       "    <tr>\n",
       "      <th>15</th>\n",
       "      <td>12</td>\n",
       "      <td>Chigs</td>\n",
       "      <td>8</td>\n",
       "      <td>0.727273</td>\n",
       "      <td>0.636364</td>\n",
       "      <td>0.888889</td>\n",
       "      <td>1.0</td>\n",
       "      <td>0.777778</td>\n",
       "      <td>1.0</td>\n",
       "      <td>0.000000</td>\n",
       "      <td>0.0</td>\n",
       "      <td>0</td>\n",
       "      <td>0.21</td>\n",
       "      <td>60.869999</td>\n",
       "      <td>83.190002</td>\n",
       "      <td>0.22</td>\n",
       "      <td>16.379999</td>\n",
       "    </tr>\n",
       "    <tr>\n",
       "      <th>47</th>\n",
       "      <td>12</td>\n",
       "      <td>Giuseppe</td>\n",
       "      <td>8</td>\n",
       "      <td>0.448092</td>\n",
       "      <td>0.727273</td>\n",
       "      <td>0.888889</td>\n",
       "      <td>0.0</td>\n",
       "      <td>1.000000</td>\n",
       "      <td>0.0</td>\n",
       "      <td>0.000000</td>\n",
       "      <td>0.0</td>\n",
       "      <td>0</td>\n",
       "      <td>0.39</td>\n",
       "      <td>58.180000</td>\n",
       "      <td>76.959999</td>\n",
       "      <td>0.42</td>\n",
       "      <td>22.219999</td>\n",
       "    </tr>\n",
       "    <tr>\n",
       "      <th>23</th>\n",
       "      <td>12</td>\n",
       "      <td>Crystelle</td>\n",
       "      <td>8</td>\n",
       "      <td>1.000000</td>\n",
       "      <td>1.000000</td>\n",
       "      <td>0.729469</td>\n",
       "      <td>0.0</td>\n",
       "      <td>0.777778</td>\n",
       "      <td>0.0</td>\n",
       "      <td>0.388889</td>\n",
       "      <td>1.0</td>\n",
       "      <td>1</td>\n",
       "      <td>0.07</td>\n",
       "      <td>16.410000</td>\n",
       "      <td>90.339996</td>\n",
       "      <td>0.08</td>\n",
       "      <td>9.510000</td>\n",
       "    </tr>\n",
       "    <tr>\n",
       "      <th>71</th>\n",
       "      <td>12</td>\n",
       "      <td>Lizzie</td>\n",
       "      <td>8</td>\n",
       "      <td>0.636364</td>\n",
       "      <td>0.818182</td>\n",
       "      <td>0.000000</td>\n",
       "      <td>0.0</td>\n",
       "      <td>0.444444</td>\n",
       "      <td>0.0</td>\n",
       "      <td>0.611111</td>\n",
       "      <td>1.0</td>\n",
       "      <td>1</td>\n",
       "      <td>0.17</td>\n",
       "      <td>5.880000</td>\n",
       "      <td>81.760002</td>\n",
       "      <td>0.19</td>\n",
       "      <td>17.879999</td>\n",
       "    </tr>\n",
       "  </tbody>\n",
       "</table>\n",
       "</div>"
      ],
      "text/plain": [
       "    season      baker  episode  tech_mean      tech  mean_star  star  \\\n",
       "63      12     Jürgen        8   0.361905  0.909091   1.000000   0.0   \n",
       "15      12      Chigs        8   0.727273  0.636364   0.888889   1.0   \n",
       "47      12   Giuseppe        8   0.448092  0.727273   0.888889   0.0   \n",
       "23      12  Crystelle        8   1.000000  1.000000   0.729469   0.0   \n",
       "71      12     Lizzie        8   0.636364  0.818182   0.000000   0.0   \n",
       "\n",
       "    mean_good  good  mean_bad  bad  preds  bottom   finalist       top3  \\\n",
       "63   0.931937   1.0  0.000000  0.0      0    0.24  79.529999  90.800003   \n",
       "15   0.777778   1.0  0.000000  0.0      0    0.21  60.869999  83.190002   \n",
       "47   1.000000   0.0  0.000000  0.0      0    0.39  58.180000  76.959999   \n",
       "23   0.777778   0.0  0.388889  1.0      1    0.07  16.410000  90.339996   \n",
       "71   0.444444   0.0  0.611111  1.0      1    0.17   5.880000  81.760002   \n",
       "\n",
       "    fifthseventh  thirdforth  \n",
       "63          0.26    8.700000  \n",
       "15          0.22   16.379999  \n",
       "47          0.42   22.219999  \n",
       "23          0.08    9.510000  \n",
       "71          0.19   17.879999  "
      ]
     },
     "execution_count": 16,
     "metadata": {},
     "output_type": "execute_result"
    }
   ],
   "source": [
    "df[~df['baker'].isin(eliminated)].sort_values(['finalist'],ascending=False)\n"
   ]
  },
  {
   "cell_type": "code",
   "execution_count": null,
   "metadata": {},
   "outputs": [],
   "source": []
  }
 ],
 "metadata": {
  "kernelspec": {
   "display_name": "Python 3",
   "language": "python",
   "name": "python3"
  },
  "language_info": {
   "codemirror_mode": {
    "name": "ipython",
    "version": 3
   },
   "file_extension": ".py",
   "mimetype": "text/x-python",
   "name": "python",
   "nbconvert_exporter": "python",
   "pygments_lexer": "ipython3",
   "version": "3.9.1"
  }
 },
 "nbformat": 4,
 "nbformat_minor": 4
}
